0.000000
0.548700
0.581578
1.140611
1.212978
1.228444
1.261433
1.271356
1.279389
1.287422
1.295944
1.305678
1.311044
1.319578
1.328111
1.336200
1.344733
1.353267
1.361022
1.369800
1.377678
1.386044
1.394289
1.402833
1.410700
1.419122
1.427544
1.435967
1.444044
1.452622
1.460700
1.469156
1.477611
1.486267
1.493867
1.502244
1.510756
3.009633
3.021844
7.007367
7.022333
10.836878
10.928689
10.943267
10.952222
10.959756
10.968844
10.976789
10.986156
10.992733
11.001578
11.009656
11.017256
11.026722
11.033878
11.042700
11.050711
11.059289
11.068211
11.075844
11.084111
11.093556
11.101589
11.109378
11.117289
11.125756
11.133544
11.142856
11.150433
11.160244
11.167878
11.176478
11.183622
11.193811
11.200744
11.209289
11.216767
11.225533
11.233422
11.242689
11.251378
11.259567
11.267267
11.286656
11.293278
11.310067
11.318589
11.325433
11.334567
11.342200
11.353178
11.359656
11.367700
11.376322
11.384467
11.392900
11.400956
11.409944
11.417389
11.425622
11.433856
11.442644
11.451200
11.459756
11.467722
11.475589
11.483822
11.492500
11.500011
11.507756
11.518333
11.524178
11.533144
11.541433
11.549722
11.559033
11.567200
11.575844
11.584244
11.592644
11.600344
11.609200
11.617533
11.625322
11.633689
11.642056
11.650144
11.658644
11.667411
11.675644
11.683122
11.691911
11.700456
11.708111
13.522856
13.540333
13.546922
13.554633
13.562078
13.569522
13.579389
13.587400
13.595767
13.607300
13.613689
13.620956
13.628222
13.637044
13.645489
13.653933
13.662378
13.670589
13.679067
13.687056
13.696122
13.703778
13.711589
13.720356
13.729489
13.737400
13.746511
13.753911
13.761989
