0.000000
0.290778
0.422300
0.430011
0.437944
0.446878
0.454544
0.462511
0.471078
0.478711
0.487189
0.497000
0.504556
0.511367
0.519467
0.527856
0.536244
0.544467
0.552689
0.560911
0.569133
0.577622
0.586467
0.596678
0.603222
0.611611
0.620000
0.628389
0.636289
0.645044
0.653667
0.661922
0.669756
0.678022
0.686789
0.695556
0.703300
0.712033
0.719778
0.728400
0.736233
0.745022
0.752989
0.761267
0.769689
0.777933
0.785700
0.794944
0.803644
0.811600
0.820167
0.828133
0.835867
0.844578
0.852867
0.861344
0.869967
0.878033
0.885667
0.894089
0.903056
0.911056
0.919200
0.928811
0.936878
0.944944
0.953011
0.961367
0.969244
0.978778
0.986056
0.994167
1.002078
1.011156
1.019411
1.028167
1.036922
1.043956
1.052722
1.060778
1.068833
1.077667
1.085656
1.093800
1.102367
1.110011
1.118222
1.127256
1.135400
1.144011
1.152900
1.160400
1.168522
1.177722
1.185289
1.193433
1.202111
1.210789
1.218456
1.236911
1.244411
1.251911
1.260144
1.269144
1.276811
1.285578
1.293056
1.301733
1.309522
1.318389
1.326778
1.334611
1.342444
1.350433
1.360533
1.368544
1.376244
1.385367
1.393956
1.401933
1.410278
1.418811
1.425711
1.435389
1.442033
1.451611
1.458856
1.468856
1.476044
1.484167
1.492178
1.500367
1.508267
1.517022
1.526744
1.533533
1.541667
1.551478
1.558467
1.568011
1.576522
1.584900
1.591989
1.600344
1.609922
1.617622
1.625067
1.635100
1.642000
1.650533
1.660800
1.666778
1.674633
1.684333
1.693344
1.700356
1.708356
1.717533
1.725956
1.734022
1.741333
1.750356
1.758144
1.766611
1.774333
1.782600
1.791111
1.800611
1.809344
1.816989
1.824911
1.834044
1.841056
1.850644
1.857833
1.867111
1.874133
1.883678
1.891722
1.900178
1.907533
1.918144
1.924356
1.933200
1.941367
1.949722
2.052789
2.057711
2.242933
2.519644
2.790356
2.827689
2.834222
6.068822
6.075211
